0 0.581323 0.057947 0.023623 0.097636
0 0.553012 0.059395 0.026759 0.098440
0 0.445808 0.071541 0.034594 0.087194
0 0.481932 0.065562 0.031584 0.085689
0 0.516902 0.061507 0.029797 0.088030
0 0.224566 0.587128 0.032454 0.131741
0 0.254181 0.587609 0.024611 0.130779
0 0.281767 0.591215 0.028398 0.136068
0 0.311382 0.592898 0.028668 0.135587
0 0.350462 0.610448 0.036511 0.155300
0 0.389813 0.610448 0.036241 0.155300
0 0.439712 0.615496 0.050575 0.162512
0 0.488664 0.615256 0.043002 0.160108
0 0.493667 0.436396 0.042732 0.154339
0 0.449854 0.437598 0.042732 0.155781
0 0.407257 0.438560 0.036511 0.148088
0 0.367501 0.441444 0.039757 0.144242
0 0.242687 0.448176 0.029750 0.116355
0 0.271219 0.445772 0.024611 0.121163
0 0.301780 0.445531 0.032184 0.132221
0 0.332747 0.445291 0.027045 0.136549
0 0.405562 0.175496 0.032039 0.095714
0 0.438782 0.173239 0.028703 0.098893
0 0.473626 0.164798 0.035645 0.105090
0 0.508812 0.162738 0.030832 0.106739
0 0.289491 0.133396 0.025996 0.070173
0 0.315771 0.119179 0.022302 0.074792
0 0.339506 0.111833 0.022162 0.073456
0 0.366364 0.100481 0.027797 0.080134
0 0.266071 0.317845 0.031553 0.110185
0 0.295558 0.316175 0.023665 0.109517
0 0.325232 0.310165 0.028923 0.110852
0 0.354344 0.307494 0.026294 0.116195
0 0.388714 0.294472 0.033431 0.116862
0 0.424398 0.292135 0.033431 0.120201
0 0.463839 0.287795 0.037939 0.124876
0 0.502905 0.285123 0.037187 0.130218
0 0.344023 0.197890 0.028494 0.090580
0 0.372638 0.187372 0.026804 0.091010
0 0.315891 0.207119 0.023906 0.091868
0 0.290294 0.215705 0.024872 0.083282